1460,0.02047,0.8392,0.0314,194,82.45,0.138,12.93,0.7929,0.004087,0.0008399,0.002376,7.376,28.77,5.711,2,1,0,0,0,0
1461,0.02032,0.8407,0.03117,197.2,82.79,0.1366,12.9,0.792,0.004016,0.000799,0.002348,7.431,28.93,5.703,2,1,0,0,0,0
1462,0.02018,0.8421,0.03096,200.4,83.17,0.1352,12.88,0.7916,0.00395,0.0007607,0.002321,7.487,29.12,5.694,2,1,0,0,0,0
1463,0.02005,0.8434,0.03077,203.6,83.59,0.1339,12.86,0.7918,0.003889,0.0007248,0.002295,7.543,29.33,5.686,2,1,0,0,0,0
1464,0.01994,0.8448,0.0306,206.8,84.03,0.1327,12.83,0.7924,0.003831,0.0006913,0.00227,7.599,29.54,5.677,2,1,0,0,0,0
1465,0.01984,0.846,0.03045,210,84.51,0.1315,12.81,0.7935,0.003778,0.0006598,0.002246,7.654,29.78,5.668,2,1,0,0,0,0
1466,0.01975,0.8473,0.03031,213.2,85.02,0.1304,12.78,0.7951,0.003729,0.0006304,0.002224,7.71,30.03,5.66,2,1,0,0,0,0
1467,0.01967,0.8485,0.03019,216.4,85.56,0.1293,12.76,0.7971,0.003683,0.0006027,0.002202,7.766,30.3,5.651,2,1,0,0,0,0
1468,0.0196,0.8497,0.03008,219.6,86.13,0.1283,12.74,0.7996,0.003641,0.0005768,0.002182,7.822,30.58,5.643,2,1,0,0,0,0
1469,0.01954,0.8509,0.02998,222.8,86.73,0.1273,12.71,0.8026,0.003602,0.0005524,0.002163,7.878,30.88,5.634,2,1,0,0,0,0
1470,0.01949,0.852,0.0299,226.1,87.36,0.1264,12.69,0.806,0.003566,0.0005295,0.002144,7.933,31.19,5.626,2,1,0,0,0,0
1471,0.01945,0.8531,0.02983,229.3,88.02,0.1255,12.67,0.8099,0.003533,0.0005079,0.002127,7.989,31.53,5.617,2,1,0,0,0,0
1472,0.01942,0.8542,0.02978,232.5,88.71,0.1247,12.64,0.8142,0.003502,0.0004877,0.00211,8.045,31.87,5.609,2,1,0,0,0,0
1473,0.0194,0.8552,0.02973,235.7,89.43,0.1239,12.62,0.8189,0.003475,0.0004686,0.002095,8.101,32.24,5.601,2,1,0,0,0,0
1474,0.01938,0.8562,0.0297,238.9,90.18,0.1231,12.6,0.8241,0.00345,0.0004506,0.00208,8.156,32.62,5.592,2,1,0,0,0,0
1475,0.01937,0.8572,0.02968,242.1,90.96,0.1224,12.57,0.8297,0.003428,0.0004337,0.002066,8.212,33.01,5.584,2,1,0,0,0,0
1476,0.01908,0.8598,0.02927,250.3,91.77,0.1192,12.55,0.8239,0.003291,0.0003918,0.002002,8.356,33.43,5.575,2,1,0,0,0,0
1477,0.01879,0.8623,0.02885,259.1,92.6,0.116,12.52,0.8181,0.003157,0.0003539,0.001941,8.509,33.86,5.566,2,1,0,0,0,0
1478,0.01851,0.8646,0.02846,268,93.47,0.113,12.5,0.813,0.003034,0.0003206,0.001883,8.663,34.3,5.556,2,1,0,0,0,0
1479,0.01826,0.8669,0.0281,276.8,94.36,0.1102,12.47,0.8087,0.002922,0.0002913,0.00183,8.816,34.76,5.547,2,1,0,0,0,0
1480,0.01803,0.869,0.02776,285.6,95.28,0.1076,12.44,0.805,0.002819,0.0002652,0.00178,8.969,35.24,5.537,2,1,0,0,0,0
1481,0.01782,0.871,0.02746,294.4,96.22,0.1052,12.42,0.8019,0.002724,0.0002421,0.001734,9.123,35.74,5.528,2,1,0,0,0,0
1482,0.01763,0.873,0.02717,303.2,97.2,0.1028,12.39,0.7993,0.002636,0.0002216,0.00169,9.276,36.25,5.519,2,1,0,0,0,0
1483,0.01745,0.8748,0.02691,312,98.2,0.1006,12.36,0.7973,0.002555,0.0002032,0.00165,9.429,36.78,5.509,2,1,0,0,0,0
1484,0.01729,0.8766,0.02667,320.8,99.23,0.09858,12.34,0.7958,0.00248,0.0001867,0.001611,9.583,37.32,5.5,2,1,0,0,0,0
1485,0.01714,0.8783,0.02645,329.7,100.3,0.09662,12.31,0.7948,0.002411,0.0001719,0.001575,9.736,37.88,5.49,2,1,0,0,0,0
1486,0.01701,0.88,0.02625,338.5,101.4,0.09477,12.28,0.7943,0.002347,0.0001586,0.001541,9.889,38.46,5.481,2,1,0,0,0,0
1487,0.01688,0.8816,0.02606,347.3,102.5,0.09301,12.26,0.7941,0.002287,0.0001465,0.001509,10.04,39.05,5.472,2,1,0,0,0,0
1488,0.01677,0.8831,0.02589,356.1,103.6,0.09134,12.23,0.7944,0.002231,0.0001356,0.001478,10.2,39.66,5.462,2,1,0,0,0,0
1489,0.01667,0.8846,0.02573,364.9,104.7,0.08976,12.2,0.7951,0.002179,0.0001258,0.001449,10.35,40.29,5.453,2,1,0,0,0,0
1490,0.01658,0.886,0.02559,373.7,105.9,0.08825,12.18,0.7961,0.00213,0.0001168,0.001422,10.5,40.93,5.444,2,1,0,0,0,0
1491,0.0165,0.8874,0.02546,382.5,107.1,0.08681,12.15,0.7975,0.002085,0.0001086,0.001396,10.66,41.59,5.434,2,1,0,0,0,0
1492,0.01642,0.8887,0.02534,391.4,108.3,0.08544,12.12,0.7992,0.002042,0.0001012,0.001372,10.81,42.27,5.425,2,1,0,0,0,0
1493,0.01635,0.8901,0.02523,400.2,109.6,0.08414,12.1,0.8013,0.002002,9.438e-05,0.001348,10.96,42.96,5.416,2,1,0,0,0,0
1494,0.01629,0.8913,0.02513,409,110.9,0.08289,12.07,0.8036,0.001965,8.816e-05,0.001326,11.12,43.67,5.407,2,1,0,0,0,0
1495,0.01624,0.8925,0.02504,417.8,112.1,0.0817,12.04,0.8063,0.00193,8.245e-05,0.001305,11.27,44.4,5.397,2,1,0,0,0,0
1496,0.0162,0.8937,0.02496,426.6,113.5,0.08057,12.01,0.8093,0.001897,7.721e-05,0.001285,11.42,45.14,5.388,2,1,0,0,0,0
1497,0.01615,0.8949,0.02488,435.4,114.8,0.07948,11.99,0.8125,0.001866,7.239e-05,0.001265,11.58,45.89,5.379,2,1,0,0,0,0
1498,0.01612,0.896,0.02482,444.2,116.1,0.07844,11.96,0.816,0.001837,6.796e-05,0.001247,11.73,46.67,5.37,2,1,0,0,0,0
1499,0.01609,0.8971,0.02476,453.1,117.5,0.07745,11.93,0.8197,0.001809,6.387e-05,0.001229,11.88,47.45,5.361,2,1,0,0,0,0
1500,0.01606,0.8982,0.02471,461.9,118.9,0.0765,11.91,0.8237,0.001783,6.009e-05,0.001213,12.04,48.26,5.351,2,1,0,0,0,0
1501,0.01604,0.8993,0.02467,470.7,120.3,0.07559,11.88,0.8279,0.001759,5.659e-05,0.001197,12.19,49.08,5.342,2,1,0,0,0,0
1502,0.01603,0.9003,0.02463,479.5,121.7,0.07472,11.85,0.8324,0.001736,5.336e-05,0.001182,12.34,49.91,5.333,2,1,0,0,0,0
1503,0.01602,0.9013,0.02459,488.3,123.2,0.07389,11.83,0.8371,0.001714,5.036e-05,0.001167,12.5,50.76,5.324,2,1,0,0,0,0
1504,0.01601,0.9023,0.02456,497.1,124.6,0.07309,11.8,0.842,0.001694,4.758e-05,0.001153,12.65,51.63,5.315,2,1,0,0,0,0
1505,0.016,0.9032,0.02454,505.9,126.1,0.07233,11.77,0.8471,0.001674,4.499e-05,0.00114,12.8,52.51,5.306,2,1,0,0,0,0
1506,0.01609,0.9037,0.02465,510.8,127.6,0.07219,11.75,0.8575,0.001679,4.365e-05,0.001137,12.89,53.4,5.297,2,1,0,0,0,0
1507,0.01626,0.9039,0.02489,512.3,129.1,0.07252,11.74,0.8725,0.001703,4.318e-05,0.001143,12.91,54.31,5.293,2,1,0,0,0,0
1508,0.01642,0.904,0.02515,513.5,130.6,0.0729,11.74,0.8883,0.00173,4.277e-05,0.00115,12.93,55.24,5.294,2,1,0,0,0,0
1509,0.01659,0.9041,0.02541,514.7,132.1,0.0733,11.74,0.9045,0.001757,4.24e-05,0.001157,12.96,56.18,5.295,2,1,0,0,0,0
1510,0.01675,0.9042,0.02567,515.9,133.7,0.07373,11.74,0.9211,0.001785,4.206e-05,0.001164,12.98,57.13,5.295,2,1,0,0,0,0
1511,0.01692,0.9044,0.02593,517.1,135.2,0.07417,11.74,0.9381,0.001814,4.175e-05,0.001172,13,58.1,5.296,2,1,0,0,0,0
1512,0.01708,0.9045,0.02618,518.3,136.8,0.07464,11.75,0.9557,0.001844,4.146e-05,0.00118,13.02,59.08,5.296,2,1,0,0,0,0
1513,0.01724,0.9046,0.02644,519.6,138.4,0.07513,11.75,0.9736,0.001874,4.12e-05,0.001189,13.04,60.07,5.297,2,1,0,0,0,0
1514,0.01741,0.9048,0.0267,520.8,140,0.07564,11.75,0.9921,0.001905,4.097e-05,0.001198,13.06,61.08,5.297,2,1,0,0,0,0
1515,0.01757,0.9049,0.02695,522,141.6,0.07618,11.75,1.011,0.001937,4.076e-05,0.001207,13.08,62.1,5.298,2,1,0,0,0,0
1516,0.01773,0.905,0.02721,523.2,143.2,0.07673,11.75,1.03,0.00197,4.058e-05,0.001217,13.1,63.13,5.298,2,1,0,0,0,0
1517,0.01789,0.9051,0.02746,524.4,144.8,0.07732,11.75,1.05,0.002003,4.043e-05,0.001227,13.12,64.18,5.299,2,1,0,0,0,0
1518,0.01805,0.9053,0.02771,525.6,146.4,0.07792,11.75,1.071,0.002037,4.03e-05,0.001238,13.15,65.24,5.299,2,1,0,0,0,0
1519,0.01821,0.9054,0.02796,526.8,148.1,0.07855,11.76,1.092,0.002072,4.019e-05,0.001249,13.17,66.3,5.3,2,1,0,0,0,0
1520,0.01837,0.9055,0.02821,528,149.7,0.07921,11.76,1.113,0.002108,4.011e-05,0.00126,13.19,67.39,5.3,2,1,0,0,0,0
1521,0.01852,0.9056,0.02845,529.2,151.4,0.07989,11.76,1.135,0.002145,4.005e-05,0.001273,13.21,68.48,5.301,2,1,0,0,0,0
1522,0.01868,0.9058,0.0287,530.4,153,0.08059,11.76,1.157,0.002182,4.002e-05,0.001285,13.23,69.58,5.301,2,1,0,0,0,0
1523,0.01883,0.9059,0.02894,531.7,154.7,0.08133,11.76,1.18,0.00222,4.001e-05,0.001298,13.25,70.7,5.302,2,1,0,0,0,0
1524,0.01898,0.906,0.02918,532.9,156.3,0.08208,11.76,1.204,0.00226,4.002e-05,0.001311,13.27,71.82,5.302,2,1,0,0,0,0
1525,0.01913,0.9061,0.02942,534.1,158,0.08286,11.77,1.228,0.0023,4.006e-05,0.001325,13.29,72.95,5.303,2,1,0,0,0,0
1526,0.01928,0.9062,0.02965,535.3,159.6,0.08367,11.77,1.253,0.00234,4.012e-05,0.00134,13.31,74.1,5.303,2,1,0,0,0,0
1527,0.01942,0.9064,0.02988,536.5,161.3,0.08451,11.77,1.278,0.002382,4.02e-05,0.001355,13.33,75.25,5.304,2,1,0,0,0,0
1528,0.01957,0.9065,0.03011,537.7,163,0.08537,11.77,1.304,0.002425,4.031e-05,0.00137,13.36,76.42,5.304,2,1,0,0,0,0
1529,0.01971,0.9066,0.03033,538.9,164.6,0.08626,11.77,1.33,0.002468,4.044e-05,0.001386,13.38,77.59,5.305,2,1,0,0,0,0
1530,0.01985,0.9067,0.03055,540.1,166.3,0.08718,11.77,1.357,0.002513,4.06e-05,0.001403,13.4,78.77,5.305,2,1,0,0,0,0
1531,0.01999,0.9068,0.03077,541.3,167.9,0.08813,11.77,1.385,0.002558,4.078e-05,0.00142,13.42,79.95,5.306,2,1,0,0,0,0
1532,0.02012,0.9069,0.03099,542.5,169.6,0.0891,11.78,1.413,0.002604,4.098e-05,0.001437,13.44,81.15,5.306,2,1,0,0,0,0
1533,0.02025,0.907,0.0312,543.8,171.3,0.0901,11.78,1.442,0.002652,4.12e-05,0.001456,13.46,82.35,5.307,2,1,0,0,0,0
1534,0.02038,0.9072,0.0314,545,172.9,0.09113,11.78,1.471,0.0027,4.145e-05,0.001474,13.48,83.56,5.307,2,1,0,0,0,0
1535,0.02051,0.9073,0.03161,546.2,174.6,0.09219,11.78,1.501,0.002749,4.173e-05,0.001494,13.5,84.78,5.308,2,1,0,0,0,0
1536,0.02066,0.9073,0.03185,546.3,176.2,0.09348,11.78,1.534,0.002809,4.229e-05,0.001517,13.51,86,5.309,2,1,0,0,0,0
1537,0.02103,0.9073,0.03242,540.8,177.8,0.09483,11.79,1.568,0.0029,4.291e-05,0.001542,13.41,87.23,5.31,2,1,0,0,0,0
1538,0.02141,0.9073,0.03303,534.8,179.5,0.09625,11.8,1.604,0.003,4.361e-05,0.001568,13.3,88.46,5.314,2,1,0,0,0,0
1539,0.0218,0.9073,0.03366,528.7,181.1,0.09776,11.81,1.641,0.003104,4.437e-05,0.001596,13.2,89.7,5.318,2,1,0,0,0,0
1540,0.02219,0.9072,0.03429,522.6,182.7,0.09934,11.82,1.679,0.003213,4.522e-05,0.001625,13.09,90.94,5.322,2,1,0,0,0,0
1541,0.02259,0.9072,0.03492,516.6,184.3,0.101,11.83,1.719,0.003328,4.614e-05,0.001656,12.99,92.19,5.326,2,1,0,0,0,0
1542,0.02299,0.9072,0.03556,510.5,185.9,0.1028,11.84,1.76,0.003448,4.715e-05,0.001689,12.88,93.44,5.33,2,1,0,0,0,0
1543,0.02339,0.9072,0.03621,504.4,187.5,0.1046,11.86,1.803,0.003574,4.826e-05,0.001724,12.78,94.69,5.334,2,1,0,0,0,0
1544,0.02379,0.9072,0.03687,498.3,189.1,0.1066,11.87,1.847,0.003707,4.946e-05,0.001761,12.67,95.95,5.338,2,1,0,0,0,0
1545,0.0242,0.9072,0.03753,492.3,190.7,0.1086,11.88,1.893,0.003846,5.078e-05,0.0018,12.57,97.21,5.342,2,1,0,0,0,0
1546,0.02461,0.9072,0.0382,486.2,192.3,0.1108,11.89,1.941,0.003992,5.22e-05,0.001841,12.46,98.47,5.346,2,1,0,0,0,0
1547,0.02503,0.9072,0.03887,480.1,193.8,0.1131,11.9,1.991,0.004146,5.376e-05,0.001884,12.35,99.73,5.35,2,1,0,0,0,0
1548,0.02545,0.9071,0.03955,474.1,195.4,0.1154,11.91,2.042,0.004308,5.545e-05,0.00193,12.25,101,5.354,2,1,0,0,0,0
1549,0.02587,0.9071,0.04024,468,196.9,0.118,11.93,2.095,0.004478,5.729e-05,0.001979,12.14,102.3,5.358,2,1,0,0,0,0
1550,0.02629,0.9071,0.04093,461.9,198.4,0.1206,11.94,2.151,0.004656,5.928e-05,0.00203,12.04,103.5,5.362,2,1,0,0,0,0
1551,0.02672,0.9071,0.04162,455.9,199.9,0.1234,11.95,2.208,0.004845,6.145e-05,0.002085,11.93,104.8,5.366,2,1,0,0,0,0
1552,0.02715,0.907,0.04232,449.8,201.4,0.1263,11.96,2.268,0.005043,6.382e-05,0.002142,11.83,106,5.37,2,1,0,0,0,0
1553,0.02759,0.907,0.04303,443.7,202.9,0.1294,11.97,2.33,0.005252,6.639e-05,0.002203,11.72,107.3,5.374,2,1,0,0,0,0
1554,0.02802,0.907,0.04374,437.7,204.4,0.1326,11.99,2.395,0.005472,6.919e-05,0.002268,11.62,108.6,5.378,2,1,0,0,0,0
1555,0.02846,0.907,0.04446,431.6,205.8,0.136,12,2.462,0.005704,7.224e-05,0.002336,11.51,109.8,5.382,2,1,0,0,0,0
1556,0.0289,0.9069,0.04518,425.5,207.3,0.1396,12.01,2.531,0.005948,7.558e-05,0.002408,11.4,111.1,5.386,2,1,0,0,0,0
1557,0.02935,0.9069,0.04591,419.4,208.7,0.1433,12.02,2.603,0.006207,7.922e-05,0.002485,11.3,112.3,5.39,2,1,0,0,0,0
1558,0.0298,0.9068,0.04664,413.4,210.1,0.1472,12.03,2.678,0.006479,8.32e-05,0.002566,11.19,113.6,5.394,2,1,0,0,0,0
1559,0.03025,0.9068,0.04738,407.3,211.5,0.1514,12.04,2.756,0.006767,8.756e-05,0.002652,11.09,114.8,5.398,2,1,0,0,0,0
1560,0.0307,0.9068,0.04812,401.2,212.8,0.1557,12.06,2.837,0.007071,9.235e-05,0.002744,10.98,116.1,5.402,2,1,0,0,0,0
1561,0.03115,0.9067,0.04887,395.2,214.2,0.1603,12.07,2.921,0.007392,9.761e-05,0.002841,10.88,117.3,5.407,2,1,0,0,0,0
1562,0.03161,0.9067,0.04963,389.1,215.5,0.1651,12.08,3.008,0.007731,0.0001034,0.002944,10.77,118.5,5.411,2,1,0,0,0,0
1563,0.03207,0.9066,0.05038,383,216.8,0.1702,12.09,3.099,0.00809,0.0001098,0.003053,10.66,119.8,5.415,2,1,0,0,0,0
1564,0.03254,0.9066,0.05115,377,218.1,0.1755,12.1,3.193,0.00847,0.0001169,0.00317,10.56,121,5.419,2,1,0,0,0,0
1565,0.033,0.9065,0.05192,370.9,219.4,0.1811,12.12,3.291,0.008872,0.0001247,0.003294,10.45,122.2,5.423,2,1,0,0,0,0
1566,0.03347,0.9064,0.05269,364.8,220.7,0.187,12.13,3.392,0.009298,0.0001334,0.003425,10.35,123.4,5.427,2,1,0,0,0,0
1567,0.03418,0.9064,0.05385,356.2,221.9,0.1933,12.14,3.498,0.009819,0.0001431,0.003567,10.2,124.6,5.431,2,1,0,0,0,0
1568,0.035,0.9063,0.05523,346.6,223.1,0.2,12.17,3.61,0.01042,0.0001541,0.003719,10.03,125.8,5.44,2,1,0,0,0,0
1569,0.03585,0.9062,0.05667,336.8,224.3,0.2071,12.2,3.729,0.01107,0.0001667,0.003885,9.86,127,5.451,2,1,0,0,0,0
1570,0.03673,0.9061,0.05817,327,225.5,0.2148,12.23,3.855,0.01179,0.000181,0.004066,9.69,128.2,5.462,2,1,0,0,0,0
1571,0.03764,0.906,0.05973,317.2,226.7,0.223,12.26,3.987,0.01257,0.0001975,0.004263,9.52,129.4,5.473,2,1,0,0,0,0
1572,0.03859,0.9059,0.06135,307.4,227.8,0.2319,12.29,4.126,0.01342,0.0002165,0.004478,9.349,130.5,5.484,2,1,0,0,0,0
1573,0.03957,0.9058,0.06303,297.7,229,0.2415,12.32,4.273,0.01436,0.0002386,0.004714,9.179,131.7,5.495,2,1,0,0,0,0
1574,0.0406,0.9057,0.06478,287.9,230.1,0.2518,12.35,4.429,0.01539,0.0002643,0.004973,9.009,132.8,5.506,2,1,0,0,0,0
1575,0.04167,0.9055,0.06661,278.1,231.2,0.2629,12.38,4.594,0.01652,0.0002945,0.005257,8.839,133.9,5.517,2,1,0,0,0,0
1576,0.04279,0.9054,0.06853,268.3,232.2,0.2749,12.42,4.768,0.01777,0.0003302,0.005572,8.669,135.1,5.528,2,1,0,0,0,0
1577,0.04396,0.9052,0.07053,258.5,233.3,0.2879,12.45,4.953,0.01916,0.0003727,0.005919,8.498,136.2,5.539,2,1,0,0,0,0
1578,0.0452,0.905,0.07265,248.8,234.3,0.3021,12.48,5.149,0.0207,0.0004236,0.006304,8.328,137.3,5.55,2,1,0,0,0,0
1579,0.0465,0.9048,0.07487,239,235.3,0.3174,12.51,5.358,0.02242,0.0004851,0.006733,8.158,138.4,5.561,2,1,0,0,0,0
1580,0.04787,0.9046,0.07722,229.2,236.3,0.3341,12.54,5.579,0.02434,0.0005601,0.007212,7.988,139.4,5.572,2,1,0,0,0,0
1581,0.04934,0.9044,0.07972,219.4,237.2,0.3524,12.57,5.815,0.0265,0.0006523,0.007749,7.818,140.5,5.583,2,1,0,0,0,0
1582,0.0509,0.9041,0.08238,209.6,238.2,0.3723,12.6,6.066,0.02894,0.0007669,0.008353,7.648,141.5,5.595,2,1,0,0,0,0
1583,0.05256,0.9038,0.08523,199.8,239.1,0.3942,12.63,6.334,0.03169,0.0009107,0.009035,7.477,142.6,5.606,2,1,0,0,0,0
1584,0.05436,0.9035,0.08828,190.1,240,0.4182,12.67,6.62,0.03483,0.001093,0.009809,7.307,143.6,5.617,2,1,0,0,0,0
1585,0.0563,0.9032,0.09158,180.3,240.9,0.4446,12.7,6.926,0.03842,0.001327,0.01069,7.137,144.6,5.628,2,1,0,0,0,0
1586,0.05842,0.9028,0.09517,170.5,241.7,0.4739,12.73,7.254,0.04255,0.001632,0.0117,6.967,145.6,5.639,2,1,0,0,0,0
1587,0.06074,0.9023,0.0991,160.7,242.6,0.5062,12.76,7.606,0.04733,0.002034,0.01287,6.797,146.6,5.651,2,1,0,0,0,0
1588,0.0633,0.9018,0.1034,150.9,243.4,0.5422,12.79,7.985,0.0529,0.00257,0.01421,6.626,147.5,5.662,2,1,0,0,0,0
1589,0.06615,0.9012,0.1082,141.2,244.2,0.5824,12.82,8.393,0.05946,0.003296,0.01579,6.456,148.5,5.673,2,1,0,0,0,0
1590,0.06935,0.9005,0.1136,131.4,244.9,0.6273,12.85,8.834,0.06723,0.004294,0.01763,6.286,149.4,5.685,2,1,0,0,0,0
1591,0.073,0.8997,0.1197,121.6,245.7,0.6778,12.88,9.31,0.07656,0.005686,0.01981,6.116,150.3,5.696,2,1,0,0,0,0
1592,0.07721,0.8988,0.1268,111.8,246.4,0.7348,12.92,9.826,0.08787,0.007656,0.02241,5.946,151.2,5.707,2,1,0,0,0,0
1593,0.08214,0.8978,0.1349,102,247.1,0.7995,12.95,10.39,0.1018,0.01048,0.02554,5.776,152.1,5.719,2,1,0,0,0,0
1594,0.08801,0.8965,0.1447,92.26,247.8,0.8733,12.98,11,0.1192,0.0146,0.02933,5.605,153,5.73,2,1,0,0,0,0
1595,0.09515,0.895,0.1565,82.48,248.5,0.9579,13.01,11.66,0.1414,0.02066,0.03397,5.435,153.8,5.742,2,1,0,0,0,0
1596,0.1041,0.8931,0.1711,72.7,249.1,1.056,13.04,12.39,0.1704,0.02968,0.03974,5.265,154.6,5.753,2,1,0,0,0,0
1597,0.111,0.8907,0.1824,65.61,249.8,1.167,13.07,13.17,0.2007,0.04311,0.0468,5.142,155.4,5.765,2,1,0,0,0,0
1598,0.1096,0.8879,0.1799,64.19,250.4,1.278,13.11,13.92,0.2169,0.06264,0.05443,5.117,156.2,5.779,2,1,0,0,0,0
1599,0.108,0.8849,0.1774,63.36,251,1.371,13.16,14.54,0.2295,0.09006,0.06124,5.103,157,5.798,2,1,0,0,0,0
1600,0.1076,0.8817,0.1766,62.54,251.5,1.436,13.21,14.96,0.2392,0.1271,0.06617,5.088,157.8,5.817,2,1,0,0,0,0
1601,0.1085,0.8784,0.1779,61.72,252.1,1.46,13.27,15.12,0.245,0.1744,0.06807,5.074,158.5,5.837,2,1,0,0,0,0
1602,0.1109,0.875,0.1819,60.9,252.6,1.433,13.32,14.98,0.246,0.2292,0.06597,5.06,159.2,5.856,2,1,0,0,0,0
1603,0.1154,0.8718,0.1892,60.08,253.1,1.35,13.37,14.48,0.241,0.284,0.05964,5.045,159.9,5.876,2,1,0,0,0,0
1604,0.1224,0.8689,0.2006,59.25,253.6,1.215,13.42,13.62,0.2298,0.3249,0.05001,5.031,160.6,5.895,2,1,0,0,0,0
1605,0.1319,0.8663,0.2162,58.43,254.1,1.047,13.47,12.48,0.2135,0.3375,0.03918,5.017,161.2,5.915,2,1,0,0,0,0
1606,0.1436,0.8641,0.2356,57.61,254.5,0.8754,13.53,11.21,0.1946,0.3171,0.02944,5.002,161.8,5.935,2,1,0,0,0,0
1607,0.1562,0.8622,0.2567,56.79,255,0.7282,13.58,10.01,0.1763,0.2753,0.0221,4.988,162.4,5.955,2,1,0,0,0,0
1608,0.1683,0.8605,0.2769,55.97,255.4,0.6175,13.63,9.026,0.1613,0.2298,0.01722,4.974,163,5.974,2,1,0,0,0,0
1609,0.1787,0.8587,0.2943,55.15,255.8,0.5422,13.68,8.3,0.1505,0.1919,0.01421,4.96,163.6,5.994,2,1,0,0,0,0
1610,0.1869,0.8568,0.3082,54.32,256.1,0.4949,13.73,7.816,0.1439,0.1644,0.01245,4.945,164.1,6.014,2,1,0,0,0,0
1611,0.193,0.8548,0.3186,53.5,256.5,0.4682,13.79,7.529,0.1407,0.146,0.0115,4.931,164.6,6.034,2,1,0,0,0,0
1612,0.1975,0.8526,0.3262,52.68,256.8,0.4559,13.84,7.391,0.1403,0.1346,0.01108,4.917,165.1,6.054,2,1,0,0,0,0
1613,0.2006,0.8502,0.3315,51.86,257.1,0.4539,13.89,7.362,0.142,0.1283,0.01101,4.902,165.6,6.075,2,1,0,0,0,0
1614,0.2028,0.8476,0.3352,51.04,257.4,0.459,13.94,7.408,0.1452,0.1256,0.01118,4.888,166.1,6.095,2,1,0,0,0,0
1615,0.2043,0.8447,0.3378,50.21,257.7,0.4691,14,7.506,0.1495,0.1257,0.01154,4.874,166.5,6.115,2,1,0,0,0,0
1616,0.2055,0.8416,0.3395,49.39,258,0.4826,14.05,7.635,0.1546,0.1277,0.01201,4.859,166.9,6.136,2,1,0,0,0,0
1617,0.2064,0.8382,0.3409,48.57,258.2,0.4981,14.1,7.779,0.1602,0.1314,0.01257,4.845,167.3,6.156,2,1,0,0,0,0
1618,0.2074,0.8344,0.342,47.75,258.5,0.5145,14.15,7.926,0.166,0.1361,0.01317,4.831,167.6,6.176,2,1,0,0,0,0
1619,0.2084,0.8303,0.3431,46.93,258.7,0.531,14.2,8.065,0.1719,0.1416,0.01379,4.817,167.9,6.197,2,1,0,0,0,0
1620,0.2096,0.8258,0.3443,46.1,258.9,0.5467,14.26,8.187,0.1776,0.1477,0.01439,4.802,168.2,6.218,2,1,0,0,0,0
1621,0.211,0.8209,0.3458,45.28,259,0.5611,14.31,8.288,0.183,0.1539,0.01494,4.788,168.5,6.238,2,1,0,0,0,0
1622,0.2127,0.8156,0.3475,44.46,259.2,0.5738,14.36,8.363,0.1881,0.1602,0.01544,4.774,168.8,6.259,2,1,0,0,0,0
1623,0.2147,0.8099,0.3495,43.64,259.3,0.5845,14.41,8.409,0.1927,0.1662,0.01587,4.759,169,6.28,2,1,0,0,0,0
1624,0.217,0.8037,0.3517,42.82,259.5,0.5932,14.46,8.427,0.1968,0.1719,0.01622,4.745,169.2,6.301,2,1,0,0,0,0
1625,0.2196,0.7969,0.3541,41.99,259.6,0.5999,14.52,8.415,0.2004,0.177,0.01649,4.731,169.4,6.322,2,1,0,0,0,0
1626,0.2225,0.7896,0.3567,41.17,259.7,0.6047,14.57,8.377,0.2035,0.1814,0.01669,4.716,169.5,6.343,2,1,0,0,0,0
1627,0.2257,0.7817,0.3593,40.35,259.7,0.6079,14.62,8.313,0.206,0.1852,0.01682,4.702,169.7,6.364,2,1,0,0,0,0
1628,0.2282,0.7731,0.3605,39.72,259.8,0.6094,14.67,8.23,0.2072,0.1882,0.01689,4.691,169.8,6.385,2,1,0,0,0,0
1629,0.2306,0.7638,0.3616,39.12,259.8,0.6091,14.75,8.129,0.2078,0.1902,0.01688,4.681,169.8,6.417,2,1,0,0,0,0
1630,0.2331,0.7538,0.3626,38.52,259.8,0.6076,14.83,8.005,0.2078,0.1913,0.01681,4.67,169.9,6.449,2,1,0,0,0,0
1631,0.2357,0.743,0.3632,37.93,259.8,0.605,14.9,7.863,0.2073,0.1916,0.01671,4.66,169.9,6.481,2,1,0,0,0,0
1632,0.2385,0.7314,0.3635,37.33,259.8,0.6017,14.98,7.704,0.2063,0.1913,0.01657,4.65,169.9,6.513,2,1,0,0,0,0
1633,0.2413,0.7187,0.3632,36.74,259.8,0.598,15.06,7.528,0.2049,0.1904,0.01642,4.639,169.9,6.546,2,1,0,0,0,0
1634,0.2442,0.705,0.3624,36.14,259.7,0.5939,15.14,7.338,0.203,0.189,0.01625,4.629,169.8,6.579,2,1,0,0,0,0
1635,0.2471,0.6902,0.3609,35.55,259.7,0.5894,15.22,7.132,0.2006,0.1871,0.01607,4.619,169.8,6.612,2,1,0,0,0,0
1636,0.2502,0.6741,0.3585,34.95,259.6,0.5845,15.29,6.91,0.1977,0.1848,0.01587,4.608,169.7,6.645,2,1,0,0,0,0
1637,0.2533,0.6566,0.3554,34.36,259.5,0.579,15.37,6.67,0.1941,0.1819,0.01565,4.598,169.5,6.678,2,1,0,0,0,0
1638,0.2565,0.6378,0.3513,33.76,259.4,0.573,15.45,6.412,0.1899,0.1786,0.01541,4.587,169.4,6.711,2,1,0,0,0,0
1639,0.2598,0.6175,0.3463,33.17,259.2,0.5662,15.53,6.135,0.185,0.1747,0.01515,4.577,169.2,6.745,2,1,0,0,0,0
1640,0.2633,0.5957,0.3402,32.57,259.1,0.5585,15.61,5.839,0.1793,0.1701,0.01484,4.567,169,6.779,2,1,0,0,0,0
1641,0.2669,0.5725,0.3331,31.98,258.9,0.5498,15.69,5.524,0.1728,0.1649,0.01451,4.556,168.8,6.813,2,1,0,0,0,0
1642,0.2706,0.5479,0.3248,31.38,258.7,0.54,15.76,5.194,0.1655,0.1591,0.01413,4.546,168.5,6.847,2,1,0,0,0,0
1643,0.2745,0.522,0.3155,30.79,258.5,0.5292,15.84,4.85,0.1575,0.1525,0.01372,4.536,168.3,6.881,2,1,0,0,0,0
1644,0.2786,0.4951,0.3053,30.19,258.3,0.5172,15.92,4.497,0.1489,0.1454,0.01327,4.525,168,6.916,2,1,0,0,0,0
1645,0.2828,0.4675,0.2941,29.6,258.1,0.5043,16,4.141,0.1399,0.1377,0.01279,4.515,167.6,6.95,2,1,0,0,0,0
1646,0.2872,0.4396,0.2822,29,257.8,0.4905,16.08,3.787,0.1306,0.1295,0.01229,4.505,167.3,6.985,2,1,0,0,0,0
1647,0.2916,0.4118,0.2698,28.41,257.6,0.4761,16.15,3.442,0.1212,0.1211,0.01178,4.494,166.9,7.02,2,1,0,0,0,0
1648,0.2961,0.3845,0.2571,27.81,257.3,0.4614,16.23,3.112,0.1119,0.1126,0.01127,4.484,166.5,7.055,2,1,0,0,0,0
1649,0.3006,0.3582,0.2443,27.22,257,0.4466,16.31,2.802,0.1029,0.1041,0.01076,4.474,166.1,7.09,2,1,0,0,0,0
1650,0.3051,0.3332,0.2319,26.62,256.6,0.432,16.39,2.515,0.09449,0.09587,0.01026,4.463,165.6,7.126,2,1,0,0,0,0
1651,0.3096,0.3099,0.2198,26.03,256.3,0.4178,16.47,2.255,0.08665,0.088,0.009796,4.453,165.2,7.162,2,1,0,0,0,0
1652,0.3139,0.2884,0.2085,25.43,255.9,0.4042,16.54,2.022,0.07952,0.08062,0.009356,4.443,164.7,7.197,2,1,0,0,0,0
1653,0.3182,0.2689,0.198,24.84,255.6,0.3915,16.62,1.817,0.07314,0.07381,0.008951,4.432,164.2,7.234,2,1,0,0,0,0
1654,0.3223,0.2514,0.1885,24.24,255.2,0.3798,16.7,1.637,0.06752,0.06761,0.008583,4.422,163.6,7.27,2,1,0,0,0,0
1655,0.3262,0.2359,0.1799,23.65,254.7,0.3691,16.78,1.481,0.06263,0.06204,0.008253,4.411,163.1,7.306,2,1,0,0,0,0
1656,0.33,0.2223,0.1723,23.05,254.3,0.3595,16.86,1.347,0.05844,0.05709,0.007962,4.401,162.5,7.343,2,1,0,0,0,0
1657,0.3336,0.2105,0.1658,22.46,253.9,0.351,16.94,1.233,0.05489,0.05272,0.007708,4.391,161.9,7.379,2,1,0,0,0,0
1658,0.3336,0.2003,0.1586,22.34,253.4,0.3434,17.01,1.147,0.05137,0.04885,0.007484,4.389,161.3,7.416,2,1,0,0,0,0
1659,0.3299,0.2449,0.1924,22.75,252.9,0.3372,17.07,1.392,0.0612,0.04472,0.007302,4.396,160.6,7.441,2,1,0,0,0,0
1660,0.3245,0.279,0.2159,23.21,252.4,0.3435,17.09,1.624,0.06996,0.04373,0.007487,4.404,159.9,7.453,2,1,0,0,0,0
1661,0.318,0.3035,0.2305,23.68,251.9,0.3581,17.11,1.844,0.07788,0.0448,0.00792,4.412,159.3,7.464,2,1,0,0,0,0
1662,0.3109,0.321,0.2387,24.14,251.3,0.3779,17.14,2.055,0.08511,0.0473,0.008525,4.42,158.5,7.476,2,1,0,0,0,0
1663,0.3034,0.3331,0.2422,24.6,250.8,0.4007,17.16,2.253,0.09155,0.0508,0.009242,4.428,157.8,7.488,2,1,0,0,0,0
1664,0.296,0.3411,0.2423,25.07,250.2,0.4245,17.19,2.432,0.09703,0.05501,0.01002,4.436,157.1,7.5,2,1,0,0,0,0
1665,0.2887,0.346,0.2401,25.53,249.6,0.4476,17.21,2.588,0.1014,0.05965,0.01079,4.444,156.3,7.512,2,1,0,0,0,0
1666,0.2817,0.3487,0.2365,25.99,249,0.4685,17.24,2.717,0.1045,0.06447,0.01151,4.452,155.5,7.523,2,1,0,0,0,0
1667,0.2753,0.3499,0.2323,26.46,248.3,0.4861,17.26,2.818,0.1065,0.06921,0.01214,4.46,154.7,7.535,2,1,0,0,0,0
1668,0.2694,0.3503,0.2279,26.92,247.7,0.4995,17.29,2.891,0.1074,0.07362,0.01262,4.468,153.9,7.547,2,1,0,0,0,0
1669,0.264,0.3504,0.2238,27.38,247,0.5085,17.31,2.94,0.1074,0.07749,0.01295,4.476,153.1,7.559,2,1,0,0,0,0
1670,0.2592,0.3506,0.2202,27.85,246.3,0.5131,17.34,2.968,0.1066,0.08062,0.01312,4.485,152.2,7.571,2,1,0,0,0,0
1671,0.255,0.3511,0.2172,28.31,245.6,0.5137,17.36,2.98,0.1053,0.0829,0.01314,4.493,151.3,7.583,2,1,0,0,0,0
1672,0.2511,0.3521,0.2148,28.78,244.9,0.511,17.39,2.98,0.1036,0.08429,0.01304,4.501,150.4,7.595,2,1,0,0,0,0
1673,0.2476,0.3536,0.2131,29.24,244.1,0.5057,17.41,2.972,0.1017,0.08483,0.01285,4.509,149.5,7.607,2,1,0,0,0,0
1674,0.2443,0.3556,0.2118,29.7,243.3,0.4988,17.43,2.96,0.09964,0.0846,0.01259,4.517,148.6,7.619,2,1,0,0,0,0
1675,0.2411,0.3581,0.2108,30.17,242.5,0.4908,17.46,2.945,0.09762,0.08376,0.01231,4.525,147.7,7.631,2,1,0,0,0,0
1676,0.2381,0.3609,0.2102,30.63,241.7,0.4825,17.48,2.93,0.09567,0.08246,0.01201,4.533,146.7,7.643,2,1,0,0,0,0
1677,0.2351,0.364,0.2096,31.09,240.9,0.4744,17.51,2.917,0.09381,0.08086,0.01172,4.541,145.7,7.655,2,1,0,0,0,0
1678,0.2321,0.3672,0.2091,31.56,240,0.4667,17.53,2.906,0.09207,0.0791,0.01145,4.549,144.8,7.667,2,1,0,0,0,0
1679,0.2291,0.3706,0.2086,32.02,239.2,0.4597,17.56,2.897,0.09047,0.07728,0.01121,4.557,143.8,7.679,2,1,0,0,0,0
1680,0.226,0.374,0.208,32.48,238.3,0.4535,17.58,2.891,0.08899,0.07549,0.01099,4.565,142.8,7.691,2,1,0,0,0,0
1681,0.2229,0.3773,0.2073,32.95,237.4,0.448,17.61,2.887,0.08763,0.07377,0.01081,4.573,141.7,7.703,2,1,0,0,0,0
1682,0.2197,0.3806,0.2065,33.41,236.4,0.4434,17.63,2.886,0.08638,0.07217,0.01065,4.581,140.7,7.715,2,1,0,0,0,0
1683,0.2165,0.3839,0.2056,33.87,235.5,0.4394,17.66,2.886,0.08521,0.07068,0.01051,4.589,139.6,7.728,2,1,0,0,0,0
1684,0.2133,0.387,0.2045,34.34,234.5,0.436,17.68,2.888,0.08411,0.06932,0.0104,4.597,138.6,7.74,2,1,0,0,0,0
1685,0.2101,0.3901,0.2033,34.8,233.5,0.4332,17.71,2.891,0.08306,0.06807,0.0103,4.606,137.5,7.752,2,1,0,0,0,0
1686,0.2068,0.3931,0.202,35.27,232.5,0.4307,17.73,2.894,0.08206,0.06694,0.01022,4.614,136.4,7.764,2,1,0,0,0,0
1687,0.2035,0.396,0.2006,35.73,231.5,0.4286,17.76,2.897,0.08109,0.06589,0.01015,4.622,135.3,7.776,2,1,0,0,0,0
1688,0.2003,0.3991,0.1992,36.2,230.4,0.4267,17.78,2.903,0.08019,0.0649,0.01009,4.63,134.2,7.789,2,1,0,0,0,0
1689,0.1968,0.4052,0.199,36.73,229.3,0.4246,17.8,2.929,0.07972,0.06377,0.01002,4.639,133.1,7.799,2,1,0,0,0,0
1690,0.1936,0.4109,0.1984,37.28,228.2,0.4231,17.79,2.952,0.0792,0.06284,0.009972,4.649,132,7.792,2,1,0,0,0,0
1691,0.1904,0.4163,0.1974,37.82,227.1,0.4222,17.77,2.974,0.07864,0.06207,0.009942,4.658,130.8,7.784,2,1,0,0,0,0
1692,0.1872,0.4213,0.1962,38.36,226,0.4216,17.76,2.994,0.07805,0.06142,0.009921,4.667,129.7,7.777,2,1,0,0,0,0
1693,0.184,0.4259,0.1949,38.9,224.9,0.4211,17.74,3.012,0.07741,0.06084,0.009904,4.677,128.5,7.769,2,1,0,0,0,0
1694,0.1809,0.4304,0.1934,39.45,223.7,0.4206,17.73,3.026,0.07672,0.06031,0.009888,4.686,127.3,7.761,2,1,0,0,0,0
1695,0.1778,0.4346,0.1918,39.99,222.5,0.42,17.71,3.038,0.07598,0.05981,0.009869,4.696,126.2,7.754,2,1,0,0,0,0
1696,0.1748,0.4387,0.1901,40.53,221.3,0.4193,17.69,3.047,0.07519,0.0593,0.009845,4.705,125,7.746,2,1,0,0,0,0
1697,0.1719,0.4427,0.1884,41.07,220.1,0.4184,17.68,3.054,0.07435,0.05878,0.009814,4.715,123.8,7.739,2,1,0,0,0,0
1698,0.169,0.4465,0.1867,41.62,218.8,0.4172,17.66,3.058,0.07347,0.05824,0.009777,4.724,122.6,7.731,2,1,0,0,0,0
1699,0.1662,0.4503,0.1849,42.16,217.6,0.4159,17.65,3.059,0.07256,0.05766,0.009734,4.734,121.4,7.724,2,1,0,0,0,0
1700,0.1634,0.4541,0.1832,42.7,216.3,0.4144,17.63,3.058,0.07161,0.05705,0.009684,4.743,120.2,7.716,2,1,0,0,0,0
1701,0.1607,0.4578,0.1815,43.24,215,0.4126,17.62,3.055,0.07064,0.0564,0.009628,4.752,119,7.709,2,1,0,0,0,0
1702,0.1581,0.4614,0.1797,43.79,213.7,0.4108,17.6,3.05,0.06965,0.05572,0.009567,4.762,117.8,7.701,2,1,0,0,0,0
1703,0.1555,0.4651,0.178,44.33,212.4,0.4087,17.59,3.043,0.06865,0.055,0.009501,4.771,116.5,7.694,2,1,0,0,0,0
1704,0.1529,0.4687,0.1763,44.87,211,0.4066,17.57,3.035,0.06764,0.05426,0.009432,4.781,115.3,7.686,2,1,0,0,0,0
1705,0.1505,0.4724,0.1746,45.41,209.7,0.4044,17.56,3.026,0.06662,0.05349,0.009361,4.79,114.1,7.679,2,1,0,0,0,0
1706,0.148,0.476,0.1729,45.96,208.3,0.4021,17.54,3.015,0.06561,0.0527,0.009287,4.8,112.8,7.671,2,1,0,0,0,0
1707,0.1456,0.4796,0.1713,46.5,206.9,0.3998,17.53,3.003,0.06459,0.05189,0.009212,4.809,111.6,7.664,2,1,0,0,0,0
1708,0.1432,0.4833,0.1696,47.04,205.5,0.3974,17.51,2.991,0.06358,0.05107,0.009137,4.819,110.3,7.656,2,1,0,0,0,0
1709,0.1409,0.4869,0.1679,47.58,204.1,0.395,17.5,2.977,0.06257,0.05024,0.009061,4.828,109.1,7.649,2,1,0,0,0,0
1710,0.1386,0.4905,0.1662,48.13,202.6,0.3926,17.48,2.963,0.06158,0.04941,0.008985,4.837,107.8,7.641,2,1,0,0,0,0
1711,0.1363,0.4941,0.1646,48.67,201.2,0.3902,17.47,2.949,0.06059,0.04858,0.00891,4.847,106.6,7.634,2,1,0,0,0,0
1712,0.1341,0.4977,0.1629,49.21,199.7,0.3878,17.45,2.933,0.05961,0.04775,0.008835,4.856,105.3,7.626,2,1,0,0,0,0
1713,0.1319,0.5013,0.1612,49.75,198.3,0.3855,17.44,2.917,0.05864,0.04692,0.008761,4.866,104.1,7.619,2,1,0,0,0,0
1714,0.1297,0.5049,0.1596,50.3,196.8,0.3832,17.42,2.901,0.05768,0.04609,0.008688,4.875,102.8,7.611,2,1,0,0,0,0
1715,0.1276,0.5085,0.1579,50.84,195.3,0.3808,17.4,2.884,0.05673,0.04528,0.008616,4.885,101.6,7.604,2,1,0,0,0,0
1716,0.1255,0.5121,0.1562,51.38,193.7,0.3786,17.39,2.866,0.05579,0.04447,0.008545,4.894,100.3,7.597,2,1,0,0,0,0
1717,0.1234,0.5157,0.1545,51.92,192.2,0.3763,17.37,2.848,0.05486,0.04366,0.008475,4.903,99.09,7.589,2,1,0,0,0,0
1718,0.1213,0.5192,0.1529,52.46,190.7,0.374,17.36,2.83,0.05394,0.04287,0.008406,4.913,97.84,7.582,2,1,0,0,0,0
1719,0.1193,0.5223,0.1511,52.98,189.1,0.372,17.34,2.809,0.05301,0.04213,0.008342,4.922,96.59,7.574,2,1,0,0,0,0
1720,0.1175,0.5251,0.1492,53.49,187.6,0.3699,17.31,2.785,0.05207,0.04141,0.008278,4.931,95.35,7.56,2,1,0,0,0,0
1721,0.1157,0.5279,0.1474,53.99,186,0.3677,17.27,2.76,0.05113,0.04067,0.008212,4.939,94.1,7.541,2,1,0,0,0,0
1722,0.1139,0.5308,0.1456,54.49,184.4,0.3655,17.24,2.735,0.05019,0.03993,0.008144,4.948,92.86,7.523,2,1,0,0,0,0
1723,0.1122,0.5338,0.1438,55,182.9,0.3632,17.2,2.71,0.04927,0.03917,0.008075,4.957,91.63,7.504,2,1,0,0,0,0
1724,0.1105,0.5367,0.142,55.5,181.3,0.3609,17.16,2.684,0.04836,0.03842,0.008005,4.966,90.39,7.486,2,1,0,0,0,0
1725,0.1088,0.5397,0.1403,56,179.7,0.3586,17.12,2.658,0.04746,0.03766,0.007934,4.974,89.17,7.467,2,1,0,0,0,0
1726,0.1071,0.5428,0.1386,56.51,178.1,0.3562,17.08,2.632,0.04657,0.03691,0.007864,4.983,87.94,7.449,2,1,0,0,0,0
1727,0.1055,0.5458,0.1369,57.01,176.5,0.3539,17.04,2.605,0.0457,0.03616,0.007794,4.992,86.72,7.431,2,1,0,0,0,0
1728,0.1038,0.5489,0.1352,57.51,174.8,0.3515,17.01,2.579,0.04484,0.03542,0.007724,5.001,85.51,7.412,2,1,0,0,0,0
1729,0.1022,0.552,0.1335,58.02,173.2,0.3492,16.97,2.552,0.04399,0.03468,0.007655,5.009,84.3,7.394,2,1,0,0,0,0
1730,0.1007,0.5551,0.1319,58.52,171.6,0.3469,16.93,2.526,0.04316,0.03396,0.007587,5.018,83.1,7.376,2,1,0,0,0,0
1731,0.09908,0.5582,0.1302,59.02,170,0.3446,16.89,2.499,0.04234,0.03324,0.00752,5.027,81.9,7.358,2,1,0,0,0,0
1732,0.09753,0.5613,0.1286,59.52,168.3,0.3424,16.85,2.472,0.04153,0.03253,0.007453,5.036,80.71,7.34,2,1,0,0,0,0
1733,0.096,0.5644,0.1269,60.03,166.7,0.3401,16.81,2.445,0.04074,0.03184,0.007388,5.044,79.53,7.322,2,1,0,0,0,0
1734,0.09449,0.5675,0.1253,60.53,165.1,0.3379,16.77,2.418,0.03995,0.03115,0.007323,5.053,78.36,7.304,2,1,0,0,0,0
1735,0.09299,0.5706,0.1237,61.03,163.4,0.3357,16.74,2.391,0.03918,0.03048,0.007259,5.062,77.19,7.286,2,1,0,0,0,0
1736,0.09151,0.5737,0.1221,61.54,161.8,0.3336,16.7,2.364,0.03842,0.02982,0.007196,5.071,76.03,7.268,2,1,0,0,0,0
1737,0.09005,0.5768,0.1205,62.04,160.2,0.3314,16.66,2.337,0.03768,0.02916,0.007133,5.079,74.88,7.25,2,1,0,0,0,0
1738,0.08861,0.5799,0.1189,62.54,158.5,0.3293,16.62,2.31,0.03694,0.02852,0.007071,5.088,73.74,7.233,2,1,0,0,0,0
1739,0.08719,0.583,0.1174,63.05,156.9,0.3271,16.58,2.283,0.03622,0.02789,0.00701,5.097,72.61,7.215,2,1,0,0,0,0
1740,0.08579,0.586,0.1158,63.55,155.3,0.325,16.54,2.256,0.0355,0.02727,0.00695,5.106,71.49,7.197,2,1,0,0,0,0
1741,0.0844,0.5891,0.1142,64.05,153.6,0.3229,16.51,2.229,0.0348,0.02667,0.00689,5.114,70.38,7.18,2,1,0,0,0,0
1742,0.08304,0.5921,0.1127,64.55,152,0.3208,16.47,2.202,0.03411,0.02607,0.006831,5.123,69.28,7.162,2,1,0,0,0,0
1743,0.08169,0.5952,0.1112,65.06,150.4,0.3188,16.43,2.175,0.03343,0.02548,0.006772,5.132,68.18,7.144,2,1,0,0,0,0
1744,0.08036,0.5982,0.1096,65.56,148.8,0.3167,16.39,2.147,0.03275,0.0249,0.006713,5.141,67.1,7.127,2,1,0,0,0,0
1745,0.07905,0.6012,0.1081,66.06,147.2,0.3146,16.35,2.12,0.03209,0.02433,0.006655,5.15,66.03,7.109,2,1,0,0,0,0
1746,0.07776,0.6042,0.1066,66.57,145.5,0.3126,16.31,2.093,0.03144,0.02378,0.006598,5.158,64.98,7.092,2,1,0,0,0,0
1747,0.07649,0.6071,0.1051,67.07,144,0.3105,16.28,2.066,0.0308,0.02323,0.00654,5.167,63.93,7.075,2,1,0,0,0,0
1748,0.07523,0.61,0.1036,67.57,142.4,0.3085,16.24,2.038,0.03017,0.02269,0.006484,5.176,62.9,7.057,2,1,0,0,0,0
1749,0.07397,0.6133,0.1022,68.11,140.8,0.3063,16.2,2.012,0.02954,0.02213,0.006423,5.185,61.88,7.04,2,1,0,0,0,0
1750,0.07267,0.6176,0.1008,68.76,139.2,0.3037,16.16,1.987,0.02889,0.02149,0.006351,5.196,60.87,7.02,2,1,0,0,0,0
1751,0.07143,0.6219,0.09942,69.41,137.6,0.3012,16.1,1.961,0.02825,0.02087,0.006282,5.208,59.87,6.994,2,1,0,0,0,0
1752,0.0702,0.626,0.098,70.07,136.1,0.2988,16.04,1.936,0.02763,0.02028,0.006216,5.219,58.89,6.969,2,1,0,0,0,0
1753,0.06899,0.63,0.09657,70.73,134.5,0.2965,15.98,1.911,0.02702,0.01971,0.006153,5.231,57.92,6.943,2,1,0,0,0,0
1754,0.0678,0.634,0.09514,71.39,133,0.2943,15.92,1.886,0.02642,0.01917,0.006092,5.242,56.96,6.917,2,1,0,0,0,0
1755,0.06663,0.6378,0.09372,72.04,131.5,0.2921,15.87,1.861,0.02583,0.01864,0.006033,5.254,56.02,6.892,2,1,0,0,0,0
1756,0.06547,0.6415,0.09229,72.7,130,0.29,15.81,1.836,0.02525,0.01813,0.005975,5.265,55.09,6.866,2,1,0,0,0,0
1757,0.06434,0.6452,0.09087,73.36,128.5,0.2879,15.75,1.811,0.02469,0.01763,0.005919,5.276,54.17,6.841,2,1,0,0,0,0
1758,0.06323,0.6487,0.08947,74.02,127,0.2859,15.69,1.786,0.02413,0.01715,0.005864,5.288,53.27,6.816,2,1,0,0,0,0
1759,0.06214,0.6522,0.08807,74.67,125.5,0.2839,15.63,1.761,0.02358,0.01669,0.00581,5.299,52.38,6.791,2,1,0,0,0,0
1760,0.06107,0.6556,0.08668,75.33,124.1,0.2819,15.58,1.736,0.02305,0.01624,0.005757,5.311,51.51,6.765,2,1,0,0,0,0
1761,0.06002,0.6589,0.08531,75.99,122.6,0.2799,15.52,1.712,0.02253,0.0158,0.005704,5.322,50.65,6.74,2,1,0,0,0,0
1762,0.059,0.6622,0.08395,76.65,121.2,0.2779,15.46,1.687,0.02201,0.01537,0.005652,5.334,49.81,6.716,2,1,0,0,0,0
1763,0.05799,0.6653,0.08261,77.3,119.8,0.276,15.4,1.663,0.02151,0.01495,0.0056,5.345,48.98,6.691,2,1,0,0,0,0
1764,0.05701,0.6684,0.08129,77.96,118.4,0.274,15.34,1.638,0.02101,0.01455,0.005549,5.357,48.17,6.666,2,1,0,0,0,0
1765,0.05605,0.6715,0.07998,78.62,117.1,0.2721,15.29,1.614,0.02053,0.01415,0.005498,5.368,47.37,6.641,2,1,0,0,0,0
1766,0.05511,0.6744,0.0787,79.28,115.7,0.2702,15.23,1.59,0.02006,0.01376,0.005447,5.379,46.59,6.617,2,1,0,0,0,0
1767,0.05419,0.6773,0.07743,79.93,114.4,0.2682,15.17,1.566,0.01959,0.01339,0.005397,5.391,45.82,6.592,2,1,0,0,0,0
1768,0.05329,0.6802,0.07618,80.59,113.1,0.2663,15.11,1.543,0.01914,0.01302,0.005347,5.402,45.07,6.568,2,1,0,0,0,0
1769,0.05241,0.683,0.07496,81.25,111.8,0.2644,15.06,1.519,0.0187,0.01266,0.005297,5.414,44.34,6.544,2,1,0,0,0,0
1770,0.05155,0.6857,0.07375,81.91,110.5,0.2625,15,1.496,0.01827,0.01231,0.005248,5.425,43.62,6.52,2,1,0,0,0,0
1771,0.05072,0.6884,0.07257,82.56,109.3,0.2606,14.94,1.473,0.01784,0.01197,0.005199,5.437,42.92,6.496,2,1,0,0,0,0
1772,0.0499,0.691,0.07141,83.22,108,0.2587,14.88,1.451,0.01743,0.01164,0.005151,5.448,42.23,6.472,2,1,0,0,0,0
1773,0.04911,0.6936,0.07027,83.88,106.8,0.2568,14.82,1.428,0.01703,0.01131,0.005103,5.46,41.56,6.448,2,1,0,0,0,0
1774,0.04833,0.6961,0.06916,84.54,105.6,0.255,14.77,1.406,0.01664,0.01099,0.005055,5.471,40.9,6.424,2,1,0,0,0,0
1775,0.04758,0.6985,0.06807,85.19,104.5,0.2531,14.71,1.385,0.01625,0.01068,0.005008,5.482,40.26,6.4,2,1,0,0,0,0
1776,0.04684,0.701,0.067,85.85,103.3,0.2513,14.65,1.364,0.01588,0.01038,0.004961,5.494,39.64,6.377,2,1,0,0,0,0
1777,0.04613,0.7033,0.06595,86.51,102.2,0.2494,14.59,1.343,0.01552,0.01009,0.004914,5.505,39.03,6.353,2,1,0,0,0,0
1778,0.04543,0.7057,0.06493,87.17,101.1,0.2476,14.53,1.322,0.01517,0.009805,0.004869,5.517,38.44,6.33,2,1,0,0,0,0
1779,0.04475,0.7079,0.06393,87.82,100.1,0.2458,14.48,1.302,0.01483,0.009528,0.004823,5.528,37.87,6.306,2,1,0,0,0,0
1780,0.04379,0.7138,0.06285,89.39,99.02,0.2415,14.42,1.28,0.01432,0.008984,0.004715,5.555,37.31,6.283,2,1,0,0,0,0
1781,0.04273,0.7201,0.0617,91.24,98.01,0.2369,14.38,1.258,0.01379,0.008421,0.004601,5.588,36.77,6.267,2,1,0,0,0,0
1782,0.04168,0.726,0.06053,93.11,97.02,0.2326,14.34,1.237,0.01328,0.007905,0.004495,5.62,36.24,6.251,2,1,0,0,0,0
1783,0.04067,0.7316,0.05937,94.98,96.05,0.2286,14.3,1.216,0.0128,0.007433,0.004397,5.653,35.73,6.236,2,1,0,0,0,0
1784,0.03969,0.7367,0.05822,96.85,95.12,0.2249,14.27,1.196,0.01235,0.006999,0.004307,5.685,35.24,6.222,2,1,0,0,0,0
1785,0.03875,0.7415,0.05708,98.73,94.21,0.2214,14.23,1.177,0.01192,0.006601,0.004223,5.718,34.77,6.207,2,1,0,0,0,0
1786,0.03785,0.7461,0.05595,100.6,93.33,0.2181,14.19,1.158,0.01151,0.006233,0.004144,5.75,34.31,6.192,2,1,0,0,0,0
1787,0.03698,0.7504,0.05485,102.5,92.47,0.215,14.15,1.14,0.01112,0.005893,0.00407,5.783,33.86,6.177,2,1,0,0,0,0
1788,0.03615,0.7544,0.05377,104.3,91.64,0.212,14.11,1.122,0.01076,0.005577,0.004,5.815,33.43,6.162,2,1,0,0,0,0
1789,0.03535,0.7582,0.05272,106.2,90.84,0.2092,14.08,1.105,0.01041,0.005285,0.003934,5.848,33.02,6.147,2,1,0,0,0,0
1790,0.03458,0.7618,0.0517,108.1,90.07,0.2065,14.04,1.089,0.01007,0.005012,0.003872,5.881,32.63,6.133,2,1,0,0,0,0
1791,0.03384,0.7653,0.0507,109.9,89.33,0.204,14,1.073,0.009757,0.004758,0.003812,5.913,32.25,6.118,2,1,0,0,0,0
1792,0.03314,0.7685,0.04974,111.8,88.62,0.2015,13.96,1.057,0.009456,0.004521,0.003755,5.946,31.88,6.103,2,1,0,0,0,0
1793,0.03246,0.7717,0.04881,113.7,87.94,0.1992,13.93,1.043,0.009171,0.004299,0.003701,5.978,31.54,6.088,2,1,0,0,0,0
1794,0.03182,0.7746,0.04791,115.6,87.28,0.1969,13.89,1.028,0.008899,0.004092,0.003649,6.011,31.21,6.074,2,1,0,0,0,0
1795,0.0312,0.7775,0.04704,117.4,86.66,0.1947,13.85,1.015,0.008641,0.003897,0.003599,6.043,30.89,6.059,2,1,0,0,0,0
1796,0.03061,0.7802,0.0462,119.3,86.06,0.1926,13.81,1.002,0.008395,0.003714,0.003551,6.076,30.59,6.045,2,1,0,0,0,0
1797,0.03005,0.7828,0.04539,121.2,85.5,0.1906,13.78,0.9889,0.008161,0.003542,0.003505,6.108,30.31,6.03,2,1,0,0,0,0
1798,0.02951,0.7853,0.04461,123,84.97,0.1886,13.74,0.9769,0.007939,0.003381,0.003461,6.141,30.04,6.016,2,1,0,0,0,0
1799,0.029,0.7877,0.04387,124.9,84.46,0.1867,13.7,0.9653,0.007728,0.003228,0.003418,6.174,29.79,6.001,2,1,0,0,0,0
1800,0.02852,0.79,0.04316,126.8,83.99,0.1849,13.66,0.9543,0.007527,0.003085,0.003377,6.206,29.56,5.987,2,1,0,0,0,0
1801,0.02805,0.7922,0.04247,128.7,83.55,0.1831,13.63,0.9439,0.007336,0.002949,0.003337,6.239,29.34,5.973,2,1,0,0,0,0
1802,0.02761,0.7943,0.04182,130.5,83.14,0.1814,13.59,0.9339,0.007155,0.002822,0.003298,6.271,29.13,5.958,2,1,0,0,0,0
1803,0.02719,0.7964,0.04119,132.4,82.76,0.1797,13.55,0.9245,0.006983,0.002701,0.003261,6.304,28.94,5.944,2,1,0,0,0,0
1804,0.0268,0.7983,0.0406,134.3,82.41,0.1781,13.51,0.9156,0.006819,0.002587,0.003225,6.336,28.77,5.93,2,1,0,0,0,0
1805,0.02642,0.8002,0.04003,136.1,82.09,0.1765,13.48,0.9072,0.006664,0.002479,0.00319,6.369,28.62,5.915,2,1,0,0,0,0
1806,0.02607,0.8021,0.03948,138,81.81,0.175,13.44,0.8994,0.006517,0.002377,0.003157,6.401,28.48,5.901,2,1,0,0,0,0
1807,0.02573,0.8039,0.03897,139.9,81.55,0.1735,13.4,0.8921,0.006377,0.00228,0.003124,6.434,28.35,5.887,2,1,0,0,0,0
1808,0.02542,0.8056,0.03848,141.8,81.33,0.172,13.36,0.8853,0.006245,0.002188,0.003093,6.466,28.24,5.873,2,1,0,0,0,0
1809,0.02512,0.8073,0.03802,143.6,81.14,0.1706,13.33,0.879,0.00612,0.002102,0.003062,6.499,28.15,5.859,2,1,0,0,0,0
1810,0.02478,0.8094,0.03751,146,80.98,0.1687,13.29,0.8714,0.005969,0.001998,0.00302,6.54,28.07,5.845,2,1,0,0,0,0
1811,0.02436,0.812,0.03692,149.1,80.86,0.1659,13.26,0.8619,0.00578,0.001873,0.002961,6.595,28.01,5.833,2,1,0,0,0,0
1812,0.02395,0.8145,0.03635,152.3,80.76,0.1633,13.23,0.853,0.0056,0.001756,0.002904,6.65,27.96,5.824,2,1,0,0,0,0
1813,0.02356,0.8169,0.03581,155.5,80.7,0.1608,13.21,0.8448,0.005432,0.001649,0.00285,6.706,27.93,5.815,2,1,0,0,0,0
1814,0.02319,0.8192,0.03531,158.7,80.67,0.1584,13.19,0.8373,0.005275,0.00155,0.002799,6.762,27.91,5.807,2,1,0,0,0,0
1815,0.02285,0.8214,0.03483,161.9,80.67,0.1561,13.16,0.8304,0.005128,0.001458,0.00275,6.818,27.91,5.798,2,1,0,0,0,0
1816,0.02253,0.8235,0.03437,165.1,80.71,0.1539,13.14,0.8241,0.00499,0.001374,0.002704,6.874,27.93,5.789,2,1,0,0,0,0
1817,0.02223,0.8256,0.03395,168.4,80.77,0.1518,13.11,0.8184,0.004861,0.001296,0.002661,6.929,27.96,5.781,2,1,0,0,0,0
1818,0.02195,0.8275,0.03355,171.6,80.87,0.1498,13.09,0.8133,0.00474,0.001223,0.002619,6.985,28,5.772,2,1,0,0,0,0
1819,0.02169,0.8294,0.03317,174.8,81,0.1479,13.07,0.8087,0.004628,0.001156,0.002579,7.041,28.07,5.763,2,1,0,0,0,0
1820,0.02144,0.8312,0.03282,178,81.16,0.146,13.04,0.8048,0.004522,0.001093,0.002541,7.097,28.14,5.754,2,1,0,0,0,0
1821,0.02122,0.8329,0.03249,181.2,81.36,0.1443,13.02,0.8013,0.004423,0.001035,0.002505,7.152,28.24,5.746,2,1,0,0,0,0
1822,0.02101,0.8345,0.03219,184.4,81.58,0.1426,13,0.7984,0.00433,0.0009812,0.002471,7.208,28.35,5.737,2,1,0,0,0,0
1823,0.02081,0.8361,0.0319,187.6,81.84,0.141,12.97,0.7961,0.004244,0.0009308,0.002438,7.264,28.47,5.729,2,1,0,0,0,0
1824,0.02064,0.8377,0.03164,190.8,82.13,0.1395,12.95,0.7943,0.004163,0.0008838,0.002406,7.32,28.61,5.72,2,1,0,0,0,0
1825,0.02047,0.8392,0.0314,194,82.45,0.138,12.93,0.7929,0.004087,0.0008399,0.002376,7.376,28.77,5.711,2,1,0,0,0,0
